function y = satP(TK)

% theta = TK/1;
% 
% n1 = 0.34805185628969e3;
% n2 = -0.11671859879975e1;
% n3 = 0.10192970039326e-2;
% 
% p = n1 + n2*theta + n3*theta.^2;
% 
% y = 1e6*p;

n1 = 0.11670521452767e4;
n2 = -0.72421316703206e6;
n3 = -0.17073846940092e2;
n4 = 0.12020824702470e5;
n5 = -0.32325550322333e7;
n6 = 0.14915108613530e2;
n7 = -0.48232657361591e4;
n8 = 0.40511340542057e6;
n9 = -0.23855557567849e0;
n10 = 0.65017534844798e3;

theta = TK + (n9)./(TK-n10);

A = theta.^2+n1*theta+n2;
B = n3*theta.^2+n4*theta+n5;
C = n6*theta.^2+n7*theta+n8;

y = 1e6 * ((2*C)./(-B+(B.^2-4*A.*C).^(0.5))).^4;

end

